2613 0 1 385 391 399 414 424 433 439 451 468 477 495
2615 0 2 445 451 459 474 484 453 459 511 528 537 555
2617 0 2 505 571 588 597 615
9711 0 3 525 561 575 582 598
2623 0 1 685 691 699 714 724 733 739 751 768 777 795
2625 0 2 745 811 828 838 855
2627 0 1 805 811 819 834 844 853 859 871 888 897 915
2629 0 2 865 931 948 957 975
2631 0 1 925 931 939 954 964 973 979 991 1008 1017 1035
9743 0 3 973 1011 1026 1035 1048
2633 0 1 985 991 999 1014 1024 1033 1039 1051 1068 1077 1095
2635 0 1 1045 1051 1059 1074 1084 1093 1099 1111 1128 1137 1155
9799 0 3 1065 1101 1115 1122 1138
2637 0 1 1105 1111 1119 1134 1144 1153 1159 1171 1188 1197 1215
2639 0 1 1165 1171 1179 1194 1204 1213 1219 1231 1248 1257 1275
2641 0 2 1225 1391 1300 1317 1355
2643 0 1 1285 1291 1299 1341 1324 1333 1339 1351 1368 1377 1395
2645 0 1 1345 1351 1359 1374 1384 1393 1399 1411 1428 1437 1455
2613 1 1 385 391 399 414 424 433 439 451 468 477 495
2615 1 2 445 451 459 474 484 453 459 511 528 537 555
2617 1 2 505 571 588 597 615
9711 1 3 525 561 575 582 598
2623 1 1 685 691 699 714 724 733 739 751 768 777 795
2625 1 2 745 811 828 838 855
2627 1 1 805 811 819 834 844 853 859 871 888 897 915
2629 1 2 865 931 948 957 975
2631 1 1 925 931 939 954 964 973 979 991 1008 1017 1035
9743 1 3 973 1011 1026 1035 1048
2633 1 1 985 991 999 1014 1024 1033 1039 1051 1068 1077 1095
2635 1 1 1045 1051 1059 1074 1084 1093 1099 1111 1128 1137 1155
9799 1 3 1065 1101 1115 1122 1138
2637 1 1 1105 1111 1119 1134 1144 1153 1159 1171 1188 1197 1215
2639 1 1 1165 1171 1179 1194 1204 1213 1219 1231 1248 1257 1275
2641 1 2 1225 1391 1300 1317 1355
2643 1 1 1285 1291 1299 1341 1324 1333 1339 1351 1368 1377 1395
2645 1 1 1345 1351 1359 1374 1384 1393 1399 1411 1428 1437 1455